-0.4173931149222989
0.394572339076426
-1.4627753457991741
-1.4969079199904913
-0.36369099571658475
-0.13968836097326431
-3.768338522634875
0.5633858365633991
0.6713695580479521
-1.138224591717812
-0.9926444683276766
-0.1405903167499719
-0.020179505593886957
-1.349583230518957
0.41084688876946307
0.1617672147695829
-0.07049511508686387
-4.767850823314048
0.8304212740505469
0.558080017221972
-1.352694342748194
0.07314965147361942
-2.0719058947175033
-0.07793365734574852
0.41955931861505824
-3.039259877664764
-0.8443362569300563
-0.5124922385618234
0.5491857028676275
-0.0829120754418694
-0.19203195595793005
0.14829626803551035
-0.17741957627679691
0.60302558822461
0.05536274447851677
0.5379131987324062
-0.4219363440041242
-0.9552557503259214
-0.7737267431918408
0.6267305847399643
-1.7226551522867133
-0.5978598380039454
-0.8967477964016047
0.16113717808364714
-0.6283524574720546
-1.1299097435887633
-0.24396370607876158
0.3300352718756922
0.1853993153797247
0.5230539581091714
-0.42402111143458193
-2.804004259427515
-0.0640489132966109
-0.07265086854983718
0.28629218468898315
-5.069741990976442
-0.37596844059245915
0.10722938240354343
0.11372267151553823
-0.12193015515419131
-1.0026015099765868
0.1685037661720462
0.7277845108928004
-1.619692070187754
-0.10580023850667374
0.20458038221892438
-0.2806992554555784
-2.6404096007450164
0.5023679840037227
-0.21677574225129298
0.5083716360429453
-0.9297927021054705
0.46998292467093367
-0.663539536930145
0.7564684644903864
0.0931771184512259
0.14703508380806937
0.9017148114208605
0.8318325100266798
0.02813247298777964
-0.07450605682412431
0.2101268023544472
-0.5877730409384248
-0.4861437148940764
-1.5111253096243187
-0.25253112968010993
0.7350353770449106
0.6588239621629604
0.2976151220561137
0.7391698545664361
-1.204355135945804
-0.13848329465385756
-0.5265528485537243
-0.5363843958322315
0.5462736580360213
0.5609746328855785
0.3047439951022322
0.01980485328953009
-1.4174331217068887
0.26475972045851726
-1.2169586293073578
-0.6251328904373263
0.43100980397644756
0.4308036014400695
0.6897333104194142
-0.3372391280863797
0.1371902272899454
-0.9295609051664514
0.3200435331078202
0.7441148963030547
-1.7079919972708015
0.7476729932599583
0.22608429840118233
-0.15595520996167972
0.7170429864314973
-1.0583748037038418
0.5906354984877362
-0.9832515265583424
0.7753683142404583
0.6808510968345446
-1.5710159500776675
0.2686607328043707
0.2689741557608823
0.23992322316728393
-1.0001315455755073
0.6191090713426551
0.887771779960922
-0.553851419185611
0.15846670844510125
0.5012679967035857
0.30260098123086343
-0.8736449216549277
-0.11264285097500598
0.20075764463010315
0.8204264759087504
0.2735246889067431
0.2948872200191834
-0.3435941418432628
-0.32830638396228085
-0.527491743202184
0.1221503709956766
0.47315440363718386
0.07571052744620328
0.5689048601301073
0.29026082110939866
0.44940763896693053
0.25964726419854905
0.9452159448293844
-0.36261066432086064
0.8214238081445068
0.4673198892053046
0.32441329213526443
0.35785631740687945
-1.8371852277869627
-0.7162062600580483
0.6468264157547283
-1.3423151436169514
-0.6123794801228379
0.08223517084184749
0.6608173984651845
-0.28123138356118726
0.2128635725399502
0.030062990352875844
0.5540231237022752
0.3990829679962244
0.6516384985105735
-2.8921671264065285
0.2606347737282716
0.05496197109417589
0.5507423132761641
-1.4167768041693667
0.8302901909239117
-0.11576545206797663
0.2258472278931019
0.18463047846630284
0.5563554685890286
0.8119198327829346
0.26744677290512703
-0.26248891655500695
0.6032039587849443
0.8528283756302609
-0.35724129588058473
-0.8871175335761485
0.7645438407223107
0.6455625827201519
-0.6275938531012675
-0.6239567994699518
-0.3002042907876379
-0.9417953656694075
0.05635297937649975
0.8567560615066349
-0.5648561695864281
-0.15339952868430706
0.8118240754321466
-0.23692823282122172
0.8919015407873953
0.6693187763112582
0.6295029825416546
0.9345799272750641
-0.02312770026587964
0.8489064707883359
-1.0559945745177248
0.17186669254286113
0.09591345699824061
0.4959809667116565
1.0440657884141205
0.8108220902751107
-0.28937817991514625
0.5059650501165703
0.3038086578499202
0.9544262665275348
0.35282727780209217
0.9723354287916643
0.9064408420041158
0.8898608472136306
0.6157746143992526
-0.9606917196029154
0.8133162986556669
0.06856145369016091
-0.4672558181911721
1.026421799512408
-0.012138195689868042
-0.8823400817551887
0.39782749407919576
-3.7247587722422306
0.8524552854935221
0.5656717686013248
0.8379157648961522
0.2759639805173111
-0.6419399850966154
-0.6658969259457225
1.0135431683159448
-0.064054243624008
1.02890978840462
0.394882410297602
1.0288076730978022
-0.37804455163864514
-0.39303130720954865
0.5202312795780956
0.23182723952645728
-0.8148786660794299
0.8996245962402539
0.3467085043943614
0.9068846062945644
0.7314055931456964
-0.2634784283896511
-0.07970037861598574
0.7711549758934917
0.7583730223405247
1.036218913913524
0.8100814651283152
-0.2409233948717102
-0.15701709193922175
0.013775726303952171
-0.23248119996166228
0.9159651397890162
0.1605019078513658
-1.437121661607163
0.6258629734902053
0.7232135826933432
0.4432205598670037
1.1019340303126832
-0.5895015912750601
0.9319375796889215
0.03750009149003519
-0.6434267145208848
0.7306903365059422
0.5547557673704985
0.1659859650605377
0.24825098564821574
0.0721763769393062
0.7732511990728741
0.8844459504335911
1.0158083177186485
-1.199602126224864
0.4083496029509756
-0.14868808737116593
-0.05602713042079488
0.4843029646800986
0.022585467702162076
-2.529018176416671
-2.3693173377557124
1.0390020756799545
0.66866533661316
0.40296126267311305
-0.5487016491817067
0.8383759001441583
1.0105575733240912
-0.35510944675967143
0.6549615285856055
0.3399368583743255
0.01833103169010465
-1.270410177261826
0.5321900000510293
0.4473638415782471
0.7564634687369649
1.0200664201763414
0.7264272641522432
-0.6953042006811025
0.7797510273218619
0.9669234769656297
-0.9082036760609846
1.072228175848069
0.46468871603956186
0.35912555595106543
-0.02796891889412853
-0.427886121095823
0.4837619651961574
0.37021173458736545
0.852831811476707
-1.8887242631946417
0.5712922705167515
-0.2348506259286271
1.004652472842176
0.7765167164027762
0.7839133895579546
0.6939388483046588
-0.09079202852318943
0.9340803343473241
-0.22760410797213704
-5.661039778370101
0.9887265478832648
-0.2783974573233013
0.34509962993001586
0.9524038630092568
0.03451902601326826
0.9243705244424132
0.6993063420932878
1.090028597017324
-1.5884174978118668
0.9686384127681942
0.05565886174373801
0.2456648577733035
-0.35509828663904364
0.8400732210586351
0.11934116741526254
-0.7327661666500356
-0.36725405001229233
0.08578027207441452
0.8067262491848916
1.0820477390141694
-0.34586137019070295
0.3170166342507839
0.15123391941011646
-1.9545714835930235
0.8312958027034528
-1.1047188884128747
0.8390817707077399
-1.3320211144512704
1.136812291369708
0.04649216285467429
0.6396862922517886
1.1093703988925272
0.9794375355412354
0.6606910048206325
-1.0698856654706619
0.9443655830732458
0.8014032801766378
0.2919673096021357
-2.631470691564515
-1.6896128491354871
-0.12252207210346087
0.007359378015816598
-1.182124694234267
0.344636811974368
0.2436806891450794
-0.5131944376909444
0.9824789628085382
-3.1385985832694856
0.6602607520063152
0.6230454113164496
0.9358580824898394
-0.43760233253198916
-3.0232749037309596
-1.3431057736139387
0.5252269778794675
0.5906351968849423
0.002085020845101232
0.862433376223857
-0.9282553559988136
-0.7208553408634455
-0.2727380741633225
0.04598667275566283
1.0435580572184981
0.35276707395931134
-0.2408022773949275
1.0573940009045815
0.6778344393183958
-0.22865890686689483
0.9403214712858061
0.9246769501137159
0.7902499808532856
-1.359405390553126
0.0981575457163299
-0.26856900421759144
0.33984169711811557
-0.4436370932215951
0.5586909691722022
0.8843867768276344
1.0602239921500554
0.4646533457477636
0.1773994157955013
0.25780041718727614
0.3550220656181069
-0.402025263100135
-0.9761202339536337
-2.1472204883538217
0.6686163545695086
0.6758267725262557
-0.16927672111541786
-2.336304020581856
-0.14085541716704347
0.32862410974714895
0.3958225168258693
0.018732880640358794
0.1368556943176632
-0.20156991537408286
0.9962709588350398
0.8447631191979081
1.0105726886333393
1.006973086976504
0.7231239532632402
0.6885107750564422
-0.4332328480241872
0.6966651565120514
0.9586244553754997
0.6587050735686883
1.0672022934346987
0.3524077240368152
-0.2638188580624474
-3.6476882014612237
0.7248092683796449
0.12679212396182316
-0.6524665943641911
0.012510827271879403
0.2605739391578541
0.5381229121771783
0.44700229087495574
-0.639372853241774
0.08874552285319642
-0.4729858063553882
0.29957168112655774
-0.12573689644889408
-0.9277988452434911
0.566506275861224
-0.3413770799745769
0.07015781039944705
0.5556939497218414
0.06841326958973051
-1.7510613376367679
0.9237819458721142
-0.43592633114439977
0.6810244510073883
0.863314065641838
0.9585199215430275
0.0012612136206830277
0.4974538042195757
0.8066420295223472
-0.010841216820366107
0.46735887932904013
-0.08500147187584803
0.023592826260364783
-0.0005226997276452164
0.23920959068164407
1.1020307071417252
-0.577131285418343
-0.547008280079635
0.8733208825154675
0.16885634503240549
0.6238965549266278
0.8314898420108099
0.16999313906541558
-0.5480421192031006
-0.299158942124681
0.46838563596178767
0.08049743063463383
-1.2364245501666666
0.9280225346887583
-0.7328932590579401
0.12215038346467118
0.9689445184834987
-0.9610962429988514
0.7099712892141141
1.0198887897731068
-0.8614432208594389
0.3359248781330869
-1.041923933605537
0.7889960351607834
0.4298723649086488
0.36309343885050344
-0.49719342885880324
0.5696910505930007
0.4783646126173914
0.7495617862659554
0.6842383702267546
0.4354476399183712
0.45885719255533214
-0.30934761304584174
-1.4490490633747266
0.959506389493886
0.8308722220108019
0.06383318249494474
0.7067949687687993
-0.2060129112673682
-0.45881459470959357
0.6038956761530405
0.054514082068445
-3.450926846137033
0.8619684772633033
0.2467656404687643
-0.48805201760798544
0.7719397415682455
1.0321835439405427
-0.21390357436551344
0.465173900564917
-0.4770472949442404
0.2945010437100462
0.3292948215708833
0.644137511146444
0.2691229201185324
0.21031874489963856
0.5513369902147798
-1.1985759207175695
0.9057140508750764
1.1116486638847132
0.7420156510711492
0.7216799746761855
0.5891088725978807
0.4080021081862255
0.5691545933216827
-0.6826162608865001
-1.048812993917589
0.2162091384391096
0.7847544095637772
-0.20654763981026514
0.619172738160254
1.1742335310560357
-0.8340589551187595
0.5487835895526236
-0.5123398041239449
0.5600098368554717
0.5189210855653377
-1.7394030769505573
0.2765059795278759
-0.4424407262389965
0.618640353204351
0.726598819425641
0.3381588654815228
0.016574463772904162
0.34250963791919325
0.6255541228754304
-0.007063852482640007
0.815613629658453
1.0407010660479084
0.6560702293464648
0.03939999917164586
0.6883664747159497
0.34974862965829506
0.3520538714167546
0.7701891372782824
0.5177766205766422
0.892013379735802
1.001202092267254
0.1260142543614402
0.5151487553123665
0.3642876529335817
0.5605626514286656
0.31674321346452594
0.5877709827202451
-0.1952279058510481
0.09036656403691304
0.7172075175270274
-0.0032629629685708844
-0.9301149117169679
-5.727790603127225e-05
0.3032669955382923
-0.5246025855166349
0.5037680859548569
-0.650846540021559
-0.06576721385804303
0.555471766699245
1.023214108497928
0.7361490797092992
0.7839018501834539
0.8428433817595765
0.6531294232509725
0.594331995173206
0.22634760892961858
-0.7579278140758746
-0.3854830230499162
-0.025293554272207884
0.25733741492483636
0.7576134653712734
0.5587431731081335
0.11665571111758116
0.9052341902008143
0.303979260589635
0.2232200750286504
0.7427811488269662
-0.039645041135168715
-0.390581585394829
-0.2176491032959995
0.49183774438975697
0.49415195192791417
0.705112595470671
0.500403877674603
0.35763616422711797
-0.12722135854521235
1.0279842445170733
-0.23423187197640905
-0.156525778730648
-0.5587315367903639
-0.42240162211351523
0.7355314032373275
-0.6074978107423437
1.11090961971525
-1.6838147564135961
0.6411178631772952
0.9339224446253948
0.9282154952127931
-1.2796897354358334
-0.5638404238438862
0.28385073460324894
0.7286790059423909
0.192715189022808
-3.3924617572874682
0.9812301848672771
0.47146854757274187
1.0030798212524843
0.020101017316692615
0.10801511895283453
0.7233575379583745
-0.6102089459375271
1.008073521612126
0.8588220392235939
0.840422188343344
0.750537192960957
-0.34673354276203366
0.8354876035390643
1.0882145930095704
-0.13869030088548162
-3.0815150079204177
0.11477139616286325
0.6257973358060073
-0.9567268827112364
0.9054114960589855
-2.8386731305629236
-0.6875031271232666
0.5669028657194147
0.08696465272068848
0.34630452767143327
0.3327068729645544
0.66836929986044
0.48545411275339323
0.8930572070286114
0.9020108231952797
0.7702639637244526
0.862411752845263
-0.8006113621578458
0.38728923048120295
-0.2404834660531615
0.7528573360111156
-0.26654607479420434
0.01075737644561197
0.20159167089869023
0.48237285227908594
0.837682135628815
0.5530276010828267
0.06003970960845206
0.7716437456079872
-0.25971326581381715
-0.2269786494895844
-1.5220071222139626
-0.3651868694513557
0.49082987680897466
-0.3475077449996651
-0.8154823946589288
0.3269245677895509
-0.39261382928497485
0.47545650189638805
-0.08776880854369087
0.8766941941255887
-1.2724144202803336
-0.5851875705155309
0.3616621432157744
1.1455008681561032
0.1338468764142153
0.5571778997167884
-0.06475583918275088
0.405673530725599
0.6181567975228476
0.5555502623023375
-4.798365974154542
-0.7662608534792189
0.6666035201614486
-1.8787227859373175
0.242694894953298
0.2331336201227786
0.2402015253467046
-0.13227500253172642
0.8561815774445718
0.9674390760697051
0.18493687123796404
0.6309391631344394
0.12953891373928156
0.9867772272920377
0.3049346709353458
0.2156121137804593
-0.09070542955102776
0.004722989714466094
0.04283248515270434
-0.05617401517328635
0.7754773738446792
-5.518219012286567
-0.45135297674634633
0.6410280728767717
0.4985225388175994
-1.596094811578762
-0.08115570326228978
-0.14545704767190187
0.12965647903777439
0.9483099569205848
0.5823102147193177
-1.141307106750322
-1.629409999145513
1.1039446439040208
0.12903525078646
0.6071198921750103
0.947710447708579
-0.13211274015925198
1.0367706401668124
-0.8321063056187232
0.5429138068784403
0.8189648573781989
-0.43931984460100326
0.5309576374827589
0.5067503947699169
1.0649515768134565
-1.0612124288925566
0.3036291830785897
0.6594125496889977
0.9271195255138385
0.28422632134944276
-0.5323281473289587
0.14337710222014935
0.20072358711516805
0.9582149769231705
0.6760015784836276
-0.14161859945439662
-1.047614435859905
0.5013488413023753
-1.2006208965977376
0.14846918288890343
-0.769169214536691
-0.7299372980589922
0.3794658255125032
-0.9544813490144411
0.5200804293446408
0.4695800827873417
0.46122604401808903
-0.4033996453563371
0.5307947558157942
0.7343735960535709
0.5235340875060707
0.6182783007888029
-0.1731766059108367
0.6395763609911819
0.05020794620517989
-1.0424118222544492
0.7300808834075212
-0.8354644260424688
0.27005655374299165
0.0836355523592881
0.5054808251955502
0.8168303946838977
0.8606304712092604
0.09226159545889552
0.22216316407935516
-1.4346499387933962
0.2981217423492791
0.47815398556567157
0.3138049723329039
0.6680771025483583
0.4406071780322318
0.2934896190930427
0.4279468193003372
0.885632422453063
-1.0409578291752342
0.7468025076831976
0.07398758389263897
0.3373496349514786
0.38316637496077566
0.9937860948185784
1.0510820900428783
0.3750958431484822
0.5783229144695624
-0.18762296653331098
0.22742188144184605
-7.701659120368288
-0.010103953436778449
-0.07915875685855345
0.7719193585520905
0.25133775761349875
0.7551366357613455
0.6813829404211356
0.751544008144574
0.784414082741728
0.43709401855166063
0.3069688125031639
-6.5206775203242096
1.0128517527186243
0.49627241401381555
0.4002636410352569
0.8279634853119416
0.23495160557697703
-0.11005116890207885
0.28790960393971576
-0.4636429660025633
0.6997936847147195
-0.5040766512192035
0.4597976002007777
0.3362027742909848
0.5453278133733196
0.5141427011669099
0.47447529375587155
0.5067649306192391
1.0824221180557925
-2.5047899899066652
-0.16085415947951243
0.7683276067301592
1.1187704714774418
-0.8254726901271676
-0.3375051545833302
0.5944940390718886
-0.5854816839804919
1.048923308276259
1.1149885300077786
0.12776956172267906
-0.24935156052027307
0.9864582683693228
-0.10162085082224061
1.072618803629023
0.8486943753931163
-1.002371213134923
0.7272668443511728
-0.08358965847098632
0.02301582799836519
1.01601176909526
0.8111240560621232
0.6490604117260792
0.7233884579351046
-0.2521059719107486
0.6769809062642957
0.5773598487888353
0.32322776288199473
0.4475309226522278
0.7485994029101143
-0.19829517445733932
0.4027156936528065
0.35617009020180573
1.0712456593819821
0.5712072370064328
0.35574403099677365
0.9226098213557237
0.800849108454057
-0.13139868959493065
0.8140834655015269
1.0762409755534545
1.0623312024632119
0.9539205135643833
-0.5765102429240022
0.5325175539463494
0.12829616103150782
0.3830284539075657
-2.494129942698748
0.3581018956676747
-0.2210684858656169
0.20779176176457725
-0.09853641217356217
0.9643549101977765
-0.5266605770039967
0.8028338859533738
0.5267948103670358
0.7241509970443499
-0.09273187171701569
-0.06495344389342084
0.6080341598714826
0.3513753437413236
0.11767924632071562
0.37542139175283035
0.9237873328703963
0.8001800577841999
-0.039159550400562085
0.3045332743902361
0.3208779923998208
0.7292375497974496
0.37551183105993646
-0.10272525147552433
-2.4913283150352226
0.44140980932323526
-0.32400789083680104
-4.598581808619831
0.6387581305320257
0.1256690350777275
-0.27544666051354777
0.8385011480184643
0.31002426938445754
0.699261710489728
0.6380396059343817
1.0081199490914983
0.020268166978664015
0.7534255729731653
0.1741867353259905
0.45197359151944483
0.8794545788804541
-4.8741585907730425
-0.10578249534721368
0.1697580436554491
0.6383553793535869
-0.10682660482347699
-0.2131713264015558
0.9756315766958661
0.9980332393983669
0.7025164414888582
0.9880576524207919
0.9232993183566062
0.9028284349648369
-0.38639050906374495
0.03106993194676929
0.7080703522544977
-3.0555068375096517
-0.31419697465358043
-0.3226796229240139
0.47886278786198916
0.1650726218006605
-0.5952286575343553
-3.451041068497109
-0.03045829307687429
-0.013024018590873807
1.1092817180377872
0.2831946743225646
0.6875519044667316
1.1755485606902343
0.8175495380215891
1.1510834549261095
-1.0540840763296044
0.2868925841073933
0.7964154544419471
-0.3646858935812988
0.4787800447502941
-0.08496745439301312
1.1564830177572605
1.1905663582381532
-0.8725439125143342
-0.032267813276112355
1.0730575898161225
-0.37506795350140004
-2.0859169864664886
0.9269036160585246
0.8554810639262358
0.7210905029513961
0.4133683231446461
0.47074932205452774
0.21842711585370733
0.4795254150375695
-2.99732846022582
1.049826762397725
0.8240746749596602
0.5438374406576963
0.9014089913010238
0.8439445342872024
0.7746838779231185
-0.45690315051036556
0.8196948012075554
-0.012361221159720964
-0.0906738640287029
0.6029155100425307
0.06650425415745055
0.4738445890097131
-0.08744562996229929
0.1589261435767561
0.321809509814567
0.9496800794980419
-0.37659398139433586
0.49298811517695706
-0.20561979749073045
0.21926342079245015
0.5676767395851393
0.7631523915070721
0.45792377374177307
1.0781118972397934
0.7301995801981832
0.563869783590887
0.8690457413525381
-1.1467623615179316
-0.620394099102452
0.18050126703420444
-0.8981244953503719
-4.685602917442303
0.6907128203776377
1.22078382265971
1.209513705027812
0.29460989628313095
-1.1654537446199609
-0.26871221851048754
0.801425830663313
0.7561446306326042
-0.010170919500054262
0.5195932851018281
-0.7880070965734017
-0.15987087346987738
-0.20762507939358715
-0.206558746709245
0.6003429253920732
-0.9026973781679467
0.06224458904343798
0.9926967693792392
-0.25017673901794385
1.0604193060405323
0.8544716771663834
0.1676113434399174
0.6158279059219335
-0.06987912406722024
0.564160844372099
1.0494501842953157
-0.03262285967319425
0.2968936070088023
0.8074833873853421
0.23808718229744302
0.9582897256325797
0.5588562023110909
0.27844783452718275
0.2208977576029238
-0.07455528339703577
0.45777822568527204
0.15513831564123037
0.5898899958906902
0.18438776424247705
0.36135843158068176
0.5829831808422563
-0.845044562500363
-0.09974568123420871
-1.0900946316360196
0.6772104132028882
-0.5272470122745113
-0.5204754241549714
0.579167143652267
-0.24092619754650027
0.9021551058730606
0.23308363417798783
1.0884404731419446
0.6787094015931932
0.5080763763079104
-0.3441951598722134
-0.1570979524964768
0.7691031735225009
-0.039812021983917076
0.5030719746701302
1.0871545908541127
-1.840914577148845
0.8168463198243038
0.2906033026907154
0.21678193866052134
0.9632461613569182
-1.1721553002079976
-0.7964042783219829
0.048712254173277125
0.6697182533094578
0.44064193923925105
-0.1772679442809122
-2.205180888870566
0.6423842024591339
1.1286827049154984
0.5474761119082061
-0.7851408848079922
0.9565625363501392
-0.25542264472295534
0.5290319555509793
0.07508879748468411
-0.0808727809542417
0.7939457203682575
0.8647796578877851
0.13632412368328573
1.2072709843808722
-0.28978001184397206
0.3868670875739936
0.9722464966103406
-0.45287986631296934
0.8494630519726535
0.9433315061091444
0.13791646164911847
0.20858208872039058
0.775043606167197
0.462095415079898
1.1257567687363865
0.39679971296191074
1.1392938662266725
0.3395087189537892
0.9337343474426377
0.5277639799434175
0.3654428409876962
0.09786791455198335
0.5064890686600446
-0.9156877956846657
1.0432500431946836
0.37661774465945513
0.25138810733311145
-2.071044959719074
-0.031834438972676266
1.0404686153731115
0.8467052274295056
0.06543847829858698
-0.627203805340483
0.38377640271579583
0.7666093785207885
0.4106137019213222
-0.8259824944686838
-0.14156168538328667
0.6985659380008162
0.7326272156924868
-0.6453333996964561
1.0196375097868446
1.113017189878405
-1.0241560103358656
1.1898057469850403
0.8997123804848239
0.36428728150975265
0.41507608270478996
-0.807779800566898
-0.9551233491459891
0.9917779920539652
0.07342398228032448
0.6045272934809924
0.6579246485631433
0.24046281577819612
0.3373976633375212
0.5704442529797814
0.37369188259116126
0.6897239567789718
0.4652955065213221
0.3377136740308282
0.5132656141984941
-0.25738225534889275
0.34458516925392607
1.0045511436573398
-0.05468090887977661
0.05679813324989547
0.9371861557995568
0.9685037901915038
0.3013341759099784
-0.03468230160753348
-0.41182016291753204
0.5142648114412646
0.4971808587487917
0.41587214415011375
-0.04907523317944018
0.21099718410726706
1.124839234111645
-0.32771806398480957
0.09962856653523366
0.35699466662275436
-0.27209241664401396
0.9628270444304554
0.38032236014816667
-0.7742452775513703
0.6046070517224047
0.8613446591355775
-1.257264910302954
0.4067054889060945
0.15443535747630488
1.0181738048617615
-0.06237655629497392
1.049608304354162
0.21577662303501396
0.506669815674061
0.49303439007188177
-0.3817888688398068
-3.5304350351873244
0.8639306792923037
0.7508028253979053
0.7351478010054183
0.25440094422916804
-0.12076637173800275
0.4806445513720198
1.1525888203474377
0.45514502791787026
0.3840657702476144
-0.2731699180806737
-1.3690710427865296
0.4148320149821122
0.991436506003511
0.9529271906719543
-1.800783892060076
0.6790419943339614
-1.1854502371455276
0.7678634276354347
-1.2832776528644836
1.0572610017330484
0.7237326223002771
-1.3857177400789886
0.18065757621325038
0.9081283994777724
1.0422169856875727
0.050314336145539984
-1.7441536617223152
-0.0925155203152967
0.6156094751209256
0.9242072722578099
-1.440818404034313
0.7169464714394982
0.664077866176905
0.2775423002494447
-1.7455119543397835
0.2647810395647178
0.7273129532989362
1.007662012507427
0.8481883857321576
0.21257363085259878
-1.128538057057321
0.2319629903952976
0.8746460211794218
0.10125487722804917
0.754405581966667
0.6067915808722205
0.75838407314619
0.8324672231624771
0.9558041820880776
-0.9088667710352525
0.052754540440027094
-0.43051439818232295
0.7638398553892366
-6.082427589053087
1.037163807297449
0.2398973317796893
-0.28894925431960056
-0.7734681798325025
-0.8554761992675008
0.8701055172346022
0.7597705039144298
0.5792394078027506
-0.04180781700889235
0.040050523224069545
0.1097860382557807
1.260207328567308
0.44396917154229315
0.7066171027843018
-0.2766049106931724
-0.9560121287347124
0.4131480536611556
-0.2614741564091563
1.206920879048511
0.15565953947107047
-3.636138854083843
0.7345832333910901
0.688481414143186
0.8203770364210644
0.47303883200190605
0.37725733519853516
0.7526222370914285
0.5510485403534743
0.9915338324441207
0.8466163649798268
0.3784053009498092
1.1500653941147765
0.8107858727437957
0.5916396225222502
0.16669150393114857
-0.02499170946341117
-0.6231920082464462
0.5511588589805029
-0.5722119095436482
0.7191023901497376
0.6056383193386953
0.8115264831762312
0.6208048968874185
1.0108513933972736
-0.06257478233969807
-0.330521945920212
0.4876053600648054
1.037790389921996
0.39380318982544693
0.7900933225688784
-2.0018119510812524
0.39228253515514977
-0.1310605708488906
0.7298963574919173
1.093682597859415
1.0883777622049402
0.35026700466399313
-0.5161634644709044
1.098836036270596
0.7812864037161931
0.9058619643233898
-2.2343508650868964
0.7251149921521703
0.8285863367495755
0.20749353814487026
0.030701578601756
-0.12336712027191027
1.1213336078542004
-0.2634433742189033
0.6090666192744975
0.6861311230709778
-1.9713387577652488
0.6725896510506215
0.2681683468214009
-0.6296584008078422
1.0633996615207417
0.04885088304927876
0.27157491788528826
0.19080326161756223
0.21469079702511715
0.7600022830381937
0.4376380328483719
0.1107761146077078
0.9331979965502156
0.6490437467826197
1.0410411379351792
0.916616962591971
-2.829846069165716
0.16352813085644505
-0.18207172170751287
0.719243596506336
1.1231526576232873
0.9830519910990221
0.4922862217187117
-0.876190512367716
0.5386632902802514
0.12827069873513353
-0.16290151279294934
-0.36124201167601416
0.6977336368647815
0.9307936274878423
0.15151681442433695
-0.94184699238669
-0.1313777628280901
0.352855654668649
0.5381598556814007
0.06301506940457305
0.10727200888655367
0.9594326014737607
0.658626673180804
1.170450586402426
0.602242565243322
0.7415649318670193
0.7235836885777157
1.0217505984966306
-2.410039010629325
0.15848743152217695
0.598375850055902
0.6711325245209776
0.9477586521701451
-0.43687273647914077
0.4502066206377688
0.34996754193903107
0.7083399951037804
-2.0132489401681473
-0.052624373172528306
0.3338754577349714
0.24627325847243528
0.6483156481123313
0.6208890365462195
-0.3808615255527092
0.8140743371481187
0.7350231324844219
1.1574922257809388
0.07855370696387373
-0.806241440635118
-0.4208118676197976
0.8300203641723024
0.42239711772302785
0.38477666642280833
0.7139000419903744
0.5309550743268505
0.801399214341251
0.4041334650931492
-3.6255068179066954
1.1324353577736104
0.3626662750958626
0.0055460891332817855
0.8321695213468076
-0.8064562623657663
-0.2645854796965724
0.7042187902885547
0.4789488680008682
0.11670157672122493
0.15384154160689367
-0.6595020460012239
1.0849856835971687
1.0614147965842682
-1.661074233079994
0.06158812070086131
-0.3832684473039404
-1.7214374277309763
0.7007629433175013
1.0670559311877468
0.9480753113143423
-0.7087804428370752
-2.15921422720722
0.054196584013657394
-2.4918272978290767
0.5105745942163041
0.20523692814160371
0.8957879510393605
0.3921038458982537
0.5390532312359044
0.7956952041174148
-0.34628359850663415
0.6661021468757298
0.5579297710363974
-0.053821552586717225
-1.3950690321352541
-0.40966691714698256
1.1021562151333142
0.875452887605207
0.5296804713128315
-0.4987831422209881
0.9010652261267282
0.554847575379988
-0.2828996333187066
-4.258185235369607
0.5578548979151383
1.0671510367485064
0.7407599874570016
-0.24716490786309525
1.0472743589291973
0.48752093503853233
0.7900861553603574
-0.48053813351684577
-2.4895122145376782
0.8472650813808829
-0.020259294923772098
-0.3017957544561905
0.08484368747214424
0.9731650289453999
0.701932071070509
0.21122107095250475
0.5193776517368587
0.49053710112117543
0.6630105524260873
0.7312319114730527
0.30734519194227994
0.4869483499670785
0.48812857289258027
0.5462314611567576
0.9122040978424591
-0.1857824468902595
0.9468820729330737
-0.27996832306500263
0.7212203081895036
-0.6133709219604971
-0.34714538155120794
1.2765857024368665
0.8960492162713652
-0.14506660944712707
0.9009994735501432
0.8435449728455354
0.345427910438851
-2.503779179430699
-0.03938642982508604
0.7582964595998424
0.1212143951540254
0.8227828975644943
0.13686542348451525
0.4729699652773744
-1.4615310134147328
-0.4650487405483449
0.7178218606266694
-0.24377178740158895
0.9427958977037084
1.123959692203197
1.038101788084184
-0.6655555990342965
1.2465622691141829
0.2937608406948939
0.7792456759603563
0.796995377730549
-2.170766474593254
-0.8131438391532285
0.6776021560272961
0.44197680988213783
0.3390911009512955
1.0217217375865735
0.07138960033438492
0.08060889043757655
-0.012434749416318447
1.1813457424588174
-0.6588373659874817
-0.02326032722272242
1.1438475358243234
-5.59779515263713
-0.5891331757642881
0.27596762441770645
0.07502209876587575
-0.7865702260534696
-1.2007489966337874
0.9010584131983598
-1.4387204861919207
0.4462941609719195
-0.2691158190500945
0.34615791005411006
0.1769399396129257
0.9138348551248856
-0.5422845988484918
-0.49942809577395886
0.00940800002617706
1.0553246209122202
0.5142967641928967
-0.5365978999625259
1.1267015996256298
-0.46516930802862144
0.7167830409401741
0.3552534785986938
0.6665054290110938
0.6564153340925071
-0.5992377077614038
0.6047948844161747
0.4921639098947558
0.7076532449473478
1.068168905541482
0.8780498081149125
-0.2795318712091071
-0.38860198598539775
0.6549709129792949
0.8934907537040676
0.5474303690728965
0.6754862298729816
0.08954558214908354
0.6638658578576504
0.683611805626858
0.48893154982292697
-0.04590238484562555
0.8387968309342618
0.7259776683241003
0.562786686878069
1.269642945497469
0.8517620700992137
-0.3229027985647084
0.2898542161545546
-0.05192642109685561
0.731106904512138
1.1071632225908326
0.8087098109395993
-0.4145925419671528
0.8601528827584909
-0.22307951578911672
-0.9194939563959889
1.0456976650109844
1.1253292676830842
0.6133035238361413
0.5326321861702127
0.4703311403196045
0.56069874139244
0.9351784830073957
0.9136587952525019
-0.8342748823391446
-0.17010606545918228
1.1380256660715173
-1.2526491425853952
-1.0013601226226336
0.13657569465663133
0.5030159166347434
0.17300433528197104
0.32110682285009073
1.057418260116029
0.5739692359499262
0.6235671353171579
-1.0269946995135675
0.2564587659132193
0.48118985070143505
0.11059052430227202
0.4768555010032676
0.37432956445266147
0.09310804243021206
1.1570768101759579
-0.6747421259355754
-0.4882077582605035
0.4282719324069833
0.7475534457840324
0.8696246198959178
0.2799316993454453
0.11068346727974684
0.18020574184294813
0.4183893108130928
1.0051085251380807
0.7546835253611704
0.46080810756669904
-0.46781242175188625
0.5359331695455364
0.2084051834487175
1.01188959809084
-0.1749258720485672
-0.42397160248835203
0.00615814261438114
0.9023555353251614
0.44595034087381186
0.38741522769941206
0.556091825356589
0.06249446482743404
1.022589846409002
0.12387162855518698
1.0946684451233268
-2.2645764834998876
0.3664024173198037
0.3522191630450503
-1.5422774447761325
1.034006099895776
0.2057388193507212
0.24693144022336405
0.5078461831977166
-1.4846935393930567
-0.22759733646530927
0.9029352098978486
0.7223974817370888
0.9472191231109575
-0.29412282772298576
0.42197240311431505
0.18233163962818844
0.3885112723241795
-1.4641452984125234
0.14980604052971555
0.6103924285210801
1.0517119578388754
-0.4777286257960982
0.617663711986069
-0.6295544342393248
0.07940250644398086
-1.7438435026610242
0.8785537442261161
-0.7123614193746713
0.11829911423008617
0.36512091212668185
1.014770828547727
0.4542382572330574
1.2307050552560148
-0.2557638817561057
0.3495000344493844
0.9243136078368398
0.2934098142568094
-0.5428773473157321
0.7519488954033355
0.3224804412474071
0.37656351712631214
-0.5713525020589794
-0.012821145870530369
0.4863116670335485
-0.14414086850889812
0.7231541735138041
-0.08300406106935154
0.9179048641902968
1.1205242872987409
0.4727715557826906
0.8360428291890007
-0.2577016666029134
-0.7264229042320456
0.12790088742576983
0.11087970866639045
-0.3648547029948273
0.24529826493506124
0.7951594882171741
0.38855430280314357
-0.7802833965527216
1.159815572032052
0.21506380147744486
0.551633093026138
0.8347407736324516
